beginner: 5.113405399999465
cfop =   2.8991576000007626
kociemba = 0.5747520999993867